s = [1,1];
g = [20,20];
o = [4.5,3,2;
     3,12,2;
     15,15,3;];